8
15
5
30
20
35
15
5
30
40

m値の出力
     0  2250  4500  9125 10250  9875 12125 18875
           0  3000  6500  9125  9500 10250 16250
                 0 21000 19500  9125 13625 21125
                       0 10500  6125  9125 16125
                             0  2625  7875 15625
                                   0  2250  9000
                                         0  6000
                                               0
s値の出力
     1  1  1  1  1  6  6
        2  3  4  5  6  7
           3  3  3  6  6
              4  4  6  6
                 5  6  6
                    6  6
                       7
